psi_attackVector[0]  0.920  0.117   0.798  ...    1158.0     433.0   1.01
psi_attackVector[1]  0.015  0.014   0.000  ...    8439.0    8144.0   1.00
psi_attackVector[2]  0.058  0.117   0.000  ...    1232.0     429.0   1.01
psi_attackVector[3]  0.007  0.006   0.000  ...   14848.0   10576.0   1.00
pi_mitre[0, 0]       0.760  0.045   0.722  ...    2848.0    1576.0   1.00
pi_mitre[0, 1]       0.043  0.021   0.014  ...    2251.0    1114.0   1.00
pi_mitre[0, 2]       0.191  0.039   0.112  ...    4692.0    1557.0   1.00
pi_mitre[0, 3]       0.006  0.014   0.000  ...    2075.0     948.0   1.00
pi_mitre[1, 0]       0.173  0.145   0.000  ...   14792.0    8093.0   1.00
pi_mitre[1, 1]       0.518  0.188   0.173  ...   16479.0   11710.0   1.00
pi_mitre[1, 2]       0.175  0.146   0.000  ...   13453.0    7977.0   1.00
pi_mitre[1, 3]       0.135  0.118   0.000  ...   18267.0   11619.0   1.00
pi_mitre[2, 0]       0.188  0.162   0.000  ...    1669.0     536.0   1.01
pi_mitre[2, 1]       0.166  0.139   0.000  ...    8188.0    7703.0   1.00
pi_mitre[2, 2]       0.544  0.192   0.197  ...    3933.0    3156.0   1.00
pi_mitre[2, 3]       0.102  0.105   0.000  ...    3414.0    4767.0   1.00
pi_mitre[3, 0]       0.178  0.147   0.000  ...   13691.0    8470.0   1.00
pi_mitre[3, 1]       0.176  0.146   0.000  ...   14676.0    8906.0   1.00
pi_mitre[3, 2]       0.179  0.147   0.000  ...   14713.0    9448.0   1.00
pi_mitre[3, 3]       0.467  0.190   0.130  ...   20062.0   11841.0   1.00
pi_nvd[0, 0]         0.766  0.045   0.731  ...    3094.0    1208.0   1.00
pi_nvd[0, 1]         0.013  0.018   0.000  ...    1681.0     713.0   1.00
pi_nvd[0, 2]         0.216  0.039   0.129  ...    4528.0    2047.0   1.00
pi_nvd[0, 3]         0.005  0.011   0.000  ...    1623.0     595.0   1.00
pi_nvd[1, 0]         0.191  0.156   0.000  ...   11047.0    4110.0   1.00
pi_nvd[1, 1]         0.486  0.187   0.157  ...   12864.0    6063.0   1.00
pi_nvd[1, 2]         0.194  0.160   0.000  ...   12699.0    6789.0   1.00
pi_nvd[1, 3]         0.129  0.113   0.000  ...   16481.0    9892.0   1.00
pi_nvd[2, 0]         0.198  0.167   0.000  ...    1671.0     546.0   1.00
pi_nvd[2, 1]         0.135  0.123   0.000  ...    2988.0    3650.0   1.00
pi_nvd[2, 2]         0.571  0.196   0.220  ...    3938.0    9109.0   1.00
pi_nvd[2, 3]         0.096  0.102   0.000  ...    2803.0    2444.0   1.00
pi_nvd[3, 0]         0.186  0.150   0.000  ...   13944.0    7277.0   1.00
pi_nvd[3, 1]         0.174  0.146   0.000  ...   13510.0    9077.0   1.00
pi_nvd[3, 2]         0.183  0.150   0.000  ...   13763.0    9176.0   1.00
pi_nvd[3, 3]         0.458  0.190   0.119  ...   20523.0   12934.0   1.00

[36 rows x 9 columns]
psi_attackComplexity[0]  0.953  0.039   0.889  ...    2669.0    2070.0    1.0
psi_attackComplexity[1]  0.047  0.039   0.000  ...    2669.0    2070.0    1.0
pi_mitre[0, 0]           0.869  0.026   0.836  ...    2775.0    1713.0    1.0
pi_mitre[0, 1]           0.131  0.026   0.082  ...    2775.0    1713.0    1.0
pi_mitre[1, 0]           0.248  0.192   0.000  ...    7134.0    5845.0    1.0
pi_mitre[1, 1]           0.752  0.192   0.393  ...    7134.0    5845.0    1.0
pi_nvd[0, 0]             0.977  0.014   0.955  ...    4141.0    3825.0    1.0
pi_nvd[0, 1]             0.023  0.014   0.000  ...    4141.0    3825.0    1.0
pi_nvd[1, 0]             0.336  0.230   0.000  ...    3991.0    3911.0    1.0
pi_nvd[1, 1]             0.664  0.230   0.269  ...    3991.0    3911.0    1.0

[10 rows x 9 columns]
psi_privilegesRequired[0]  0.581  0.168   0.256  ...    4669.0    4990.0    1.0
psi_privilegesRequired[1]  0.326  0.170   0.000  ...    4437.0    5203.0    1.0
psi_privilegesRequired[2]  0.094  0.079   0.000  ...   10615.0    8193.0    1.0
pi_mitre[0, 0]             0.649  0.124   0.445  ...    7079.0    8586.0    1.0
pi_mitre[0, 1]             0.230  0.123   0.000  ...    6066.0    5518.0    1.0
pi_mitre[0, 2]             0.121  0.075   0.000  ...   12302.0    7104.0    1.0
pi_mitre[1, 0]             0.213  0.158   0.000  ...    9368.0    8359.0    1.0
pi_mitre[1, 1]             0.632  0.174   0.319  ...   10677.0   11573.0    1.0
pi_mitre[1, 2]             0.155  0.118   0.000  ...   14702.0    8526.0    1.0
pi_mitre[2, 0]             0.207  0.167   0.000  ...   12468.0    7846.0    1.0
pi_mitre[2, 1]             0.216  0.170   0.000  ...   12390.0    8829.0    1.0
pi_mitre[2, 2]             0.577  0.202   0.213  ...   22291.0   11248.0    1.0
pi_nvd[0, 0]               0.778  0.114   0.599  ...    6694.0    8216.0    1.0
pi_nvd[0, 1]               0.163  0.107   0.000  ...    6290.0    6264.0    1.0
pi_nvd[0, 2]               0.058  0.052   0.000  ...   11004.0    8664.0    1.0
pi_nvd[1, 0]               0.289  0.190   0.000  ...    6302.0    6349.0    1.0
pi_nvd[1, 1]               0.613  0.182   0.294  ...    7728.0   10729.0    1.0
pi_nvd[1, 2]               0.098  0.088   0.000  ...   11053.0    9043.0    1.0
pi_nvd[2, 0]               0.255  0.193   0.000  ...   10310.0    8089.0    1.0
pi_nvd[2, 1]               0.235  0.181   0.000  ...   11332.0    8854.0    1.0
pi_nvd[2, 2]               0.510  0.210   0.146  ...   19709.0   10322.0    1.0

[21 rows x 9 columns]
psi_userInteraction[0]  0.692  0.153   0.443  ...    3578.0    3476.0    1.0
psi_userInteraction[1]  0.308  0.153   0.001  ...    3578.0    3476.0    1.0
pi_mitre[0, 0]          0.820  0.105   0.658  ...    4193.0    4303.0    1.0
pi_mitre[0, 1]          0.180  0.105   0.008  ...    4193.0    4303.0    1.0
pi_mitre[1, 0]          0.269  0.189   0.000  ...    5245.0    5508.0    1.0
pi_mitre[1, 1]          0.731  0.189   0.394  ...    5245.0    5508.0    1.0
pi_nvd[0, 0]            0.829  0.102   0.671  ...    4187.0    4488.0    1.0
pi_nvd[0, 1]            0.171  0.102   0.006  ...    4187.0    4488.0    1.0
pi_nvd[1, 0]            0.282  0.194   0.000  ...    5430.0    5917.0    1.0
pi_nvd[1, 1]            0.718  0.194   0.374  ...    5430.0    5917.0    1.0

[10 rows x 9 columns]
psi_scope[0]    0.825  0.113   0.664  ...    3743.0    4484.0    1.0
psi_scope[1]    0.175  0.113   0.000  ...    3743.0    4484.0    1.0
pi_mitre[0, 0]  0.831  0.073   0.728  ...    3853.0    3256.0    1.0
pi_mitre[0, 1]  0.169  0.073   0.029  ...    3853.0    3256.0    1.0
pi_mitre[1, 0]  0.259  0.195   0.000  ...    6302.0    5520.0    1.0
pi_mitre[1, 1]  0.741  0.195   0.376  ...    6302.0    5520.0    1.0
pi_nvd[0, 0]    0.911  0.055   0.828  ...    4536.0    4523.0    1.0
pi_nvd[0, 1]    0.089  0.055   0.000  ...    4536.0    4523.0    1.0
pi_nvd[1, 0]    0.326  0.218   0.000  ...    4966.0    4592.0    1.0
pi_nvd[1, 1]    0.674  0.218   0.293  ...    4966.0    4592.0    1.0

[10 rows x 9 columns]
psi_confidentialityImpact[0]  0.223  0.136   0.001  ...    6929.0    6831.0    1.0
psi_confidentialityImpact[1]  0.235  0.139   0.000  ...    6951.0    6594.0    1.0
psi_confidentialityImpact[2]  0.542  0.158   0.238  ...   10948.0    9543.0    1.0
pi_mitre[0, 0]                0.585  0.189   0.256  ...   13974.0   12145.0    1.0
pi_mitre[0, 1]                0.215  0.160   0.000  ...   10103.0    6967.0    1.0
pi_mitre[0, 2]                0.201  0.155   0.000  ...   18835.0    9400.0    1.0
pi_mitre[1, 0]                0.199  0.151   0.000  ...   10896.0    8526.0    1.0
pi_mitre[1, 1]                0.604  0.185   0.276  ...   12644.0   10709.0    1.0
pi_mitre[1, 2]                0.197  0.154   0.000  ...   18347.0    9046.0    1.0
pi_mitre[2, 0]                0.184  0.105   0.000  ...    7528.0    6243.0    1.0
pi_mitre[2, 1]                0.218  0.116   0.001  ...    7932.0    7093.0    1.0
pi_mitre[2, 2]                0.598  0.127   0.394  ...   16383.0   13403.0    1.0
pi_nvd[0, 0]                  0.541  0.196   0.198  ...   12512.0   11305.0    1.0
pi_nvd[0, 1]                  0.181  0.139   0.000  ...   12081.0    8030.0    1.0
pi_nvd[0, 2]                  0.279  0.196   0.000  ...   14669.0    8886.0    1.0
pi_nvd[1, 0]                  0.186  0.139   0.000  ...   11287.0    7864.0    1.0
pi_nvd[1, 1]                  0.523  0.194   0.188  ...   12091.0   10881.0    1.0
pi_nvd[1, 2]                  0.291  0.197   0.000  ...   14249.0    9532.0    1.0
pi_nvd[2, 0]                  0.116  0.082   0.000  ...   10377.0    8235.0    1.0
pi_nvd[2, 1]                  0.108  0.079   0.000  ...    9045.0    6968.0    1.0
pi_nvd[2, 2]                  0.776  0.109   0.596  ...   17181.0   12905.0    1.0

[21 rows x 9 columns]
psi_integrityImpact[0]  0.300  0.154   0.000  ...    7034.0    6246.0    1.0
psi_integrityImpact[1]  0.254  0.149   0.000  ...    6919.0    6491.0    1.0
psi_integrityImpact[2]  0.446  0.165   0.098  ...   11618.0   10376.0    1.0
pi_mitre[0, 0]          0.573  0.179   0.268  ...   10900.0   11518.0    1.0
pi_mitre[0, 1]          0.235  0.161   0.000  ...    9918.0    7822.0    1.0
pi_mitre[0, 2]          0.192  0.142   0.000  ...   16768.0    8980.0    1.0
pi_mitre[1, 0]          0.187  0.145   0.000  ...    8909.0    6055.0    1.0
pi_mitre[1, 1]          0.627  0.179   0.305  ...   12356.0   11152.0    1.0
pi_mitre[1, 2]          0.187  0.146   0.000  ...   15496.0    8279.0    1.0
pi_mitre[2, 0]          0.190  0.122   0.000  ...    8321.0    6878.0    1.0
pi_mitre[2, 1]          0.253  0.144   0.000  ...    8738.0    8214.0    1.0
pi_mitre[2, 2]          0.556  0.151   0.310  ...   16628.0   13234.0    1.0
pi_nvd[0, 0]            0.593  0.177   0.292  ...   14341.0   11732.0    1.0
pi_nvd[0, 1]            0.147  0.118   0.000  ...   11982.0    7941.0    1.0
pi_nvd[0, 2]            0.260  0.175   0.000  ...   16121.0    9609.0    1.0
pi_nvd[1, 0]            0.227  0.163   0.000  ...   10636.0    7584.0    1.0
pi_nvd[1, 1]            0.485  0.196   0.151  ...   10129.0   10448.0    1.0
pi_nvd[1, 2]            0.288  0.194   0.000  ...   13331.0    8922.0    1.0
pi_nvd[2, 0]            0.173  0.122   0.000  ...   11027.0    8713.0    1.0
pi_nvd[2, 1]            0.115  0.090   0.000  ...   11204.0    8531.0    1.0
pi_nvd[2, 2]            0.713  0.139   0.476  ...   18681.0   14030.0    1.0

[21 rows x 9 columns]
psi_availabilityImpact[0]  0.427  0.214   0.001  ...    4268.0    4568.0    1.0
psi_availabilityImpact[1]  0.029  0.047   0.000  ...    7106.0    6603.0    1.0
psi_availabilityImpact[2]  0.544  0.213   0.154  ...    4611.0    5249.0    1.0
pi_mitre[0, 0]             0.611  0.164   0.347  ...    9168.0    9792.0    1.0
pi_mitre[0, 1]             0.201  0.125   0.000  ...    7412.0    5897.0    1.0
pi_mitre[0, 2]             0.188  0.135   0.000  ...   12923.0    8187.0    1.0
pi_mitre[1, 0]             0.199  0.162   0.000  ...   11597.0    7194.0    1.0
pi_mitre[1, 1]             0.600  0.200   0.248  ...   16022.0   11829.0    1.0
pi_mitre[1, 2]             0.201  0.164   0.000  ...   19226.0    7813.0    1.0
pi_mitre[2, 0]             0.240  0.138   0.000  ...    6186.0    6669.0    1.0
pi_mitre[2, 1]             0.211  0.106   0.001  ...    7346.0    6810.0    1.0
pi_mitre[2, 2]             0.549  0.144   0.324  ...    9414.0   12006.0    1.0
pi_nvd[0, 0]               0.672  0.182   0.390  ...   10780.0    8844.0    1.0
pi_nvd[0, 1]               0.028  0.050   0.000  ...    5726.0    5457.0    1.0
pi_nvd[0, 2]               0.300  0.185   0.000  ...   10219.0    8353.0    1.0
pi_nvd[1, 0]               0.260  0.198   0.000  ...   10637.0    7913.0    1.0
pi_nvd[1, 1]               0.476  0.230   0.061  ...    9577.0    6373.0    1.0
pi_nvd[1, 2]               0.264  0.203   0.000  ...   18167.0    8677.0    1.0
pi_nvd[2, 0]               0.210  0.138   0.000  ...    6957.0    7576.0    1.0
pi_nvd[2, 1]               0.019  0.035   0.000  ...    6105.0    7513.0    1.0
pi_nvd[2, 2]               0.771  0.140   0.568  ...    8486.0    9905.0    1.0

[21 rows x 9 columns]
